918 
1116 
1129 
696 
1143 
1113 
862 
1150 
835 
990 
546 
1010 
1201 
945 
1041 
1191 
1069 
894 
727 
1094 
1064 
909 
1064 
1283 
1017 
1119 
973 
1036 
977 
1010 
1196 
1230 
860 
848 
1089 
855 
897 
910 
1068 
1056 
1332 
1030 
881 
1053 
907 
1012 
1168 
1081 
996 
1348 
1075 
1191 
1184 
1227 
1102 
1026 
1121 
923 
1129 
1091 
966 
1093 
1222 
1254 
970 
780 
950 
1253 
1019 
1008 
842 
858 
1206 
967 
995 
964 
714 
1022 
1075 
982 
933 
1047 
1258 
913 
945 
1143 
1269 
1343 
1108 
808 
1028 
897 
1287 
1027 
1215 
857 
1302 
1062 
992 
1239 
1241 
827 
552 
1002 
709 
755 
1083 
1003 
1065 
954 
1045 
1129 
809 
947 
968 
1050 
911 
765 
1096 
1001 
913 
817 
852 
921 
847 
1072 
1044 
796 
715 
1129 
1051 
1247 
1163 
983 
949 
882 
1286 
969 
962 
803 
1089 
902 
765 
839 
908 
874 
1291 
902 
1063 
975 
1001 
774 
1063 
1031 
929 
1015 
772 
671 
663 
944 
1037 
1032 
947 
957 
753 
829 
862 
1081 
1041 
965 
888 
903 
917 
970 
633 
1016 
1012 
1011 
1145 
1199 
1091 
788 
982 
900 
1223 
950 
779 
1064 
938 
687 
866 
1069 
1147 
910 
1103 
842 
1147 
612 
960 
1230 
1111 
923 
1097 
1162 
877 
1067 
1128 
874 
963 
956 
947 
1162 
1066 
1081 
1135 
806 
961 
1021 
991 
1083 
930 
650 
982 
659 
1092 
931 
822 
966 
1286 
1239 
844 
1014 
949 
1334 
902 
1042 
723 
1226 
964 
1163 
1081 
1190 
998 
886 
1236 
929 
729 
995 
1032 
898 
880 
1054 
1038 
880 
984 
895 
854 
867 
902 
896 
1073 
982 
996 
933 
814 
1024 
1149 
980 
1157 
875 
1192 
1031 
1105 
1002 
951 
983 
1129 
829 
1115 
910 
862 
972 
845 
1184 
987 
912 
768 
1177 
1074 
1113 
865 
893 
1060 
834 
939 
924 
978 
1080 
1285 
810 
1387 
1088 
742 
1021 
904 
1103 
822 
659 
1198 
921 
901 
1006 
991 
890 
1009 
1175 
1236 
969 
661 
1164 
1129 
928 
967 
1154 
956 
856 
1345 
761 
1039 
1038 
1010 
1027 
728 
1074 
1194 
820 
1087 
912 
940 
943 
842 
1129 
925 
847 
1053 
1108 
898 
827 
1310 
1144 
688 
627 
820 
1031 
963 
1036 
951 
943 
1109 
1119 
791 
882 
1281 
978 
1097 
1124 
1323 
908 
999 
969 
1031 
913 
1173 
1019 
1167 
996 
1048 
1172 
1070 
658 
1294 
1038 
1308 
744 
1009 
1003 
899 
1112 
1096 
1320 
938 
996 
936 
788 
1012 
1128 
1246 
769 
1043 
798 
1019 
1264 
1136 
819 
924 
1065 
791 
1065 
898 
1107 
1116 
855 
880 
1140 
977 
1272 
1019 
1005 
850 
1147 
1150 
1072 
996 
989 
983 
981 
904 
1062 
1284 
808 
1030 
845 
800 
1111 
965 
1167 
1059 
877 
1071 
967 
783 
968 
1049 
1264 
1142 
873 
1160 
1296 
714 
868 
827 
607 
1046 
665 
945 
1168 
1013 
1041 
1025 
966 
778 
1015 
1100 
865 
915 
1005 
977 
1212 
1229 
1181 
1016 
843 
975 
1208 
1001 
1220 
929 
933 
1118 
837 
1136 
1100 
1238 
903 
1119 
1063 
1136 
875 
871 
934 
841 
1040 
1492 
861 
751 
788 
1215 
1039 
814 
1135 